[ic_launcher-web.png]
filters=bw=1;Boost=1,70.760231;autocolor=1;dir_tint=1,0.500000,0.500000,0.250000,0.250000,ffffffff,0;Lomo=1,0.000000,67.836258;DropShadow=1,2.982456,269.473694,5.263158,00000000,00ffffff,32.163742;
moddate=0000a92737cf0000
width=512
height=512
textactive=0
